$ 1 0.001 7.010541234668786 50 5 43
v 448 352 448 96 0 0 40 5 0 0 0.5
165 224 128 272 128 2 4.996681008191421
w 448 96 352 160 0
w 448 96 288 96 3
w 224 224 224 256 0
w 288 96 160 96 0
r 160 96 160 176 0 1000000
r 160 192 160 256 0 6800000
w 160 176 160 192 0
w 160 176 224 160 0
w 160 256 224 256 0
c 320 352 208 352 0 1.0000000000000001e-7 -2.9168964492601956
w 208 352 208 224 0
w 320 352 448 352 0
w 352 192 480 272 0
r 480 272 560 272 0 1000
162 560 272 624 272 2 default-led 1 0 0 0.004
w 624 352 448 352 3
w 624 352 624 272 0
w 224 224 208 224 0
